image: /home/lee/map/edit1.pgm
resolution: 0.002872531
origin: [-0.893357141,-0.45, 0.000000]
negate: 0
occupied_thresh: 0.65
free_thresh: 0.196

